1631.2449951171875
3384.766671316964
3709.367445203993
2986.4620849609373
4218.691174316406
1895.185366981908
1016.8527105422247
3820.8988444010415
3059.453747558594
4335.572692871094
2092.151694849918
1189.4944312686011
1687.1874864366318
2991.214074707031
4424.192736816406
2339.8320826480262
1270.5746169317335
2166.350877549913
1224.1300170898437
4285.760791015625
2412.671875
1328.4578043619792
2254.31197781033
1562.3697326660156
2005.3407653808595
1865.695111955915
5892.17822265625
3076.869140625
4604.594921875
4508.461848958334
2899.8883231026784
2627.4227701822915
2730.6080169677734
4746.820768229167
5126.13984375
3279.3492606026784
4168.034000651041
893.3598823547363
5734.978841145833
5446.108138020833
3156.840000697545
4053.6491861979166
1825.360595703125
1989.165478515625
4878.5974609375
3340.724295479911
4642.10888671875
1935.5718612670898
3584.9632486979167
1820.0062662760417
3921.498866489955
7453.08955078125
4750.928009033203
6797.080533854167
6661.12421875
3921.498866489955
7453.08955078125
4750.928009033203
6797.080533854167
6661.12421875
3332.8936593191966
4237.275797526042
3624.932815551758
5778.020833333333
6075.884830729166
3490.5348074776784
4447.114876302084
1535.8416748046875
6011.092643229166
6147.099609375
3493.6685093470983
4447.9326171875
1928.2185592651367
3002.70087890625
5317.974446614583
3497.1536690848216
4669.150032552084
2031.3799896240234
3725.6106119791666
2719.9959798177083
3921.498866489955
7453.08955078125
4750.928009033203
6797.080533854167
6661.12421875
3332.8936593191966
4237.275797526042
3624.932815551758
5778.020833333333
6075.884830729166
3490.5348074776784
4447.114876302084
1535.8416748046875
6011.092643229166
6147.099609375
3493.6685093470983
4447.9326171875
1928.2185592651367
3002.70087890625
5317.974446614583
3497.1536690848216
4669.150032552084
2031.3799896240234
3725.6106119791666
2719.9959798177083
3921.498866489955
7453.08955078125
4750.928009033203
6797.080533854167
6661.12421875
3332.8936593191966
4237.275797526042
3624.932815551758
5778.020833333333
6075.884830729166
3490.5348074776784
4447.114876302084
1535.8416748046875
6011.092643229166
6147.099609375
3493.6685093470983
4447.9326171875
1928.2185592651367
3002.70087890625
5317.974446614583
3497.1536690848216
4669.150032552084
2031.3799896240234
3725.6106119791666
2719.9959798177083
3921.498866489955
7453.08955078125
4750.928009033203
6797.080533854167
6661.12421875
3332.8936593191966
4237.275797526042
3624.932815551758
5778.020833333333
6075.884830729166
3490.5348074776784
4447.114876302084
1535.8416748046875
6011.092643229166
6147.099609375
3493.6685093470983
4447.9326171875
1928.2185592651367
3002.70087890625
5317.974446614583
3497.1536690848216
4669.150032552084
2031.3799896240234
3725.6106119791666
2719.9959798177083
0.028564360613624256
0.06045118868350983
0.05942235042651494
0.04805309628136456
0.06104663585623105
0.04433765063683192
0.027459481234351792
0.05512705867489179
0.04252675059251487
0.06955039352178574
0.048067748298247656
0.04241234337290128
0.0298514898866415
0.03889729641377926
0.06277589375774066
0.053313144793113075
0.04663122271498044
0.04805125370621681
0.020283206598833203
0.0691528062025706
0.048259245107571284
0.045062982787688576
0.04609966178735097
0.03042665426619351
0.03413293821116289
3002.4263509114585
6460.645442708334
6298.631998697917
4917.729156494141
6250.044921875
4418.994466145833
2824.5808919270835
5803.356705729167
4298.950424194336
7250.355143229167
5001.806705729166
4388.026334635417
3064.974641927083
4042.8284912109375
6636.14013671875
5489.982161458333
5069.069661458333
4740.097151692708
2173.823440551758
7500.70341796875
4827.605208333333
5041.69140625
4682.00947265625
3183.721221923828
3529.4293294270833
3967.593961588542
7308.804850260417
6704.1857421875
5490.438812255859
6808.609114583333
4289.430403645833
3497.452913411458
5744.8357421875
4500.856597900391
6846.670735677083
4723.280338541666
4108.340690104166
3569.34921875
4224.3931884765625
6495.20966796875
5256.069661458333
4799.373502604167
4343.263167317708
2481.9365997314453
6695.651432291666
5046.423567708333
4603.604654947917
4505.529671223959
2922.421127319336
4177.653043619792
